0000000000000000
0025000000000000
0050000000000000
0075000000000000
0100000000000000
0125000000000000
0150000000000000
0175000000000000
0200000000000000
0225000000000000
0250000000000000
0275000000000000
0300000000000000
0325000000000000
0350000000000000
0375000000000000
0400000000000000
0425000000000000
0450000000000000
0475000000000000
0500000000000000
0525000000000000
0550000000000000
0575000000000000
0600000000000000
0625000000000000
0650000000000000
0675000000000000
0700000000000000
0725000000000000
0750000000000000
0775000000250000
0000000000250000
0025000000250000
0050000000250000
0075000000250000
0100000000250000
0125000000250000
0150000000250000
0175000000250000
0200000000250000
0225000000250000
0250000000250000
0275000000250000
0300000000250000
0325000000250000
0350000000250000
0375000000250000
0400000000250000
0425000000250000
0450000000250000
0475000000250000
0500000000250000
0525000000250000
0550000000250000
0575000000250000
0600000000250000
0625000000250000
0650000000250000
0675000000250000
0700000000250000
0725000000250000
0750000000250000
0775000000250000
0000000000500000
0025000000500000
0050000000500000
0075000000500000
0100000000500000
0125000000500000
0150000000500000
0175000000500000
0200000000500000
0225000000500000
0250000000500000
0275000000500000
0300000000500000
0325000000500000
0350000000500000
0375000000500000
0400000000500000
0425000000500000
0450000000500000
0475000000500000
0500000000500000
0525000000500000
0550000000500000
0575000000500000
0600000000500000
0625000000500000
0650000000500000
0675000000500000
0700000000500000
0725000000500000
0750000000500000
0775000000500000
0000000000750000
0025000000750000
0050000000750000
0075000000750000
0100000000750000
0125000000750000
0150000000750000
0175000000750000
0200000000750000
0225000000750000
0250000000750000
0275000000750000
0300000000750000
0325000000750001
0350000000750001
0375000000750001
0400000000750000
0425000000750000
0450000000750000
0475000000750000
0500000000750000
0525000000750000
0550000000750000
0575000000750000
0600000000750000
0625000000750000
0650000000750000
0675000000750000
0700000000750000
0725000000750000
0750000000750000
0775000000750000
0000000001000000
0025000001000000
0050000001000000
0075000001000000
0100000001000000
0125000001000000
0150000001000000
0175000001000000
0200000001000000
0225000001000000
0250000001000000
0275000001000000
0300000001000001
0325000001000001
0350000001000000
0375000001000000
0400000001000000
0425000001000000
0450000001000000
0475000001000000
0500000001000000
0525000001000000
0550000001000000
0575000001000000
0600000001000000
0625000001000000
0650000001000000
0675000001000000
0700000001000000
0725000001000000
0750000001000000
0775000001000000
0000000001250000
0025000001250000
0050000001250000
0075000001250000
0100000001250000
0125000001250000
0150000001250000
0175000001250000
0200000001250000
0225000001250000
0250000001250000
0275000001250000
0300000001250000
0325000001250000
0350000001250000
0375000001250000
0400000001250000
0425000001250000
0450000001250000
0475000001250000
0500000001250001
0525000001250001
0550000001250001
0575000001250001
0600000001250000
0625000001250000
0650000001250000
0675000001250000
0700000001250000
0725000001250000
0750000001250000
0775000001250000
0000000001500000
0025000001500000
0050000001500000
0075000001500000
0100000001500000
0125000001500000
0150000001500000
0175000001500000
0200000001500000
0225000001500000
0250000001500000
0275000001500000
0300000001500000
0325000001500000
0350000001500000
0375000001500000
0400000001500000
0425000001500000
0450000001500000
0475000001500000
0500000001500000
0525000001500000
0550000001500000
0575000001500000
0600000001500000
0625000001500001
0650000001500001
0675000001500001
0700000001500001
0725000001500001
0750000001500000
0775000001500000
0000000001750000
0025000001750000
0050000001750000
0075000001750000
0100000001750000
0125000001750000
0150000001750000
0175000001750000
0200000001750000
0225000001750000
0250000001750000
0275000001750000
0300000001750000
0325000001750000
0350000001750000
0375000001750000
0400000001750000
0425000001750000
0450000001750000
0475000001750000
0500000001750000
0525000001750000
0550000001750000
0575000001750000
0600000001750000
0625000001750000
0650000001750000
0675000001750000
0700000001750000
0725000001750000
0750000001750000
0775000001750000
0000000000000000
0025000000000000
0050000000000000
0075000000000000
0100000000000000
0125000000000000
0150000000000000
0175000000000000
0200000000000000
0225000000000000
0250000000000000
0275000000000000
0300000000000000
0325000000000000
0350000000000000
0375000000000000
0400000000000000
0425000000000000
0450000000000000
0475000000000000
0500000000000000
0525000000000000
0550000000000000
0575000000000000
0600000000000000
0625000000000000
0650000000000000
0675000000000000
0700000000000000
0725000000000000
0750000000000000
0775000000000000
0000000000000000
0025000000000000
0050000000000000
0075000000000000
0100000000000000
0125000000000000
0150000000000000
0175000000000000
0200000000000000
0225000000000000
0250000000000000
0275000000000000
0300000000000000
0325000000000000
0350000000000000
0375000000000000
0400000000000000
0425000000000000
0450000000000000
0475000000000000
0500000000000000
0525000000000000
0550000000000000
0575000000000000
0600000000000000
0625000000000000
0650000000000000
0675000000000000
0700000000000000
0725000000000000
0750000000000000
0775000000000000
0000000000000000
0025000000000000
0050000000000000
0075000000000000
0100000000000000
0125000000000000
0150000000000000
0175000000000000
0200000000000000
0225000000000000
0250000000000000
0275000000000000
0300000000000000
0325000000000000
0350000000000000
0375000000000000
0400000000000000
0425000000000000
0450000000000000
0475000000000000
0500000000000000
0525000000000000
0550000000000000
0575000000000000
0600000000000000
0625000000000000
0650000000000000
0675000000000000
0700000000000000
0725000000000000
0750000000000000
0775000000000000
0000000000000000
0025000000000000
0050000000000000
0075000000000000
0100000000000000
0125000000000000
0150000000000000
0175000000000000
0200000000000000
0225000000000000
0250000000000000
0275000000000000
0300000000000000
0325000000000000
0350000000000000
0375000000000000
0400000000000000
0425000000000000
0450000000000000
0475000000000000
0500000000000000
0525000000000000
0550000000000000
0575000000000000
0600000000000000
0625000000000000
0650000000000000
0675000000000000
0700000000000000
0725000000000000
0750000000000000
0775000000000000
0000000000000000
0025000000000000
0050000000000000
0075000000000000
0100000000000000
0125000000000000
0150000000000000
0175000000000000
0200000000000000
0225000000000000
0250000000000000
0275000000000000
0300000000000000
0325000000000000
0350000000000000
0375000000000000
0400000000000000
0425000000000000
0450000000000000
0475000000000000
0500000000000000
0525000000000000
0550000000000000
0575000000000000
0600000000000000
0625000000000000
0650000000000000
0675000000000000
0700000000000000
0725000000000000
0750000000000000
0775000000000000
0000000000000000
0025000000000000
0050000000000000
0075000000000000
0100000000000000
0125000000000000
0150000000000000
0175000000000000
0200000000000000
0225000000000000
0250000000000000
0275000000000000
0300000000000000
0325000000000000
0350000000000000
0375000000000000
0400000000000000
0425000000000000
0450000000000000
0475000000000000
0500000000000000
0525000000000000
0550000000000000
0575000000000000
0600000000000000
0625000000000000
0650000000000000
0675000000000000
0700000000000000
0725000000000000
0750000000000000
0775000000000000
0000000000000000
0025000000000000
0050000000000000
0075000000000000
0100000000000000
0125000000000000
0150000000000000
0175000000000000
0200000000000000
0225000000000000
0250000000000000
0275000000000000
0300000000000000
0325000000000000
0350000000000000
0375000000000000
0400000000000000
0425000000000000
0450000000000000
0475000000000000
0500000000000000
0525000000000000
0550000000000000
0575000000000000
0600000000000000
0625000000000000
0650000000000000
0675000000000000
0700000000000000
0725000000000000
0750000000000000
0775000000000000
0000000000000000
0025000000000000
0050000000000000
0075000000000000
0100000000000000
0125000000000000
0150000000000000
0175000000000000
0200000000000000
0225000000000000
0250000000000000
0275000000000000
0300000000000000
0325000000000000
0350000000000000
0375000000000000
0400000000000000
0425000000000000
0450000000000000
0475000000000000
0500000000000000
0525000000000000
0550000000000000
0575000000000000
0600000000000000
0625000000000000
0650000000000000
0675000000000000
0700000000000000
0725000000000000
0750000000000000
0775000000000000
0000000000000000
0025000000000000
0050000000000000
0075000000000000
0100000000000000
0125000000000000
0150000000000000
0175000000000000
0200000000000000
0225000000000000
0250000000000000
0275000000000000
0300000000000000
0325000000000000
0350000000000000
0375000000000000
0400000000000000
0425000000000000
0450000000000000
0475000000000000
0500000000000000
0525000000000000
0550000000000000
0575000000000000
0600000000000000
0625000000000000
0650000000000000
0675000000000000
0700000000000000
0725000000000000
0750000000000000
0775000000000000
0000000000000000
0025000000000000
0050000000000000
0075000000000000
0100000000000000
0125000000000000
0150000000000000
0175000000000000
0200000000000000
0225000000000000
0250000000000000
0275000000000000
0300000000000000
0325000000000000
0350000000000000
0375000000000000
0400000000000000
0425000000000000
0450000000000000
0475000000000000
0500000000000000
0525000000000000
0550000000000000
0575000000000000
0600000000000000
0625000000000000
0650000000000000
0675000000000000
0700000000000000
0725000000000000
0750000000000000
0775000000000000
0000000000000000
0025000000000000
0050000000000000
0075000000000000
0100000000000000
0125000000000000
0150000000000000
0175000000000000
0200000000000000
0225000000000000
0250000000000000
0275000000000000
0300000000000000
0325000000000000
0350000000000000
0375000000000000
0400000000000000
0425000000000000
0450000000000000
0475000000000000
0500000000000000
0525000000000000
0550000000000000
0575000000000000
0600000000000000
0625000000000000
0650000000000000
0675000000000000
0700000000000000
0725000000000000
0750000000000000
0775000000000000
0000000000000000
0025000000000000
0050000000000000
0075000000000000
0100000000000000
0125000000000000
0150000000000000
0175000000000000
0200000000000000
0225000000000000
0250000000000000
0275000000000000
0300000000000000
0325000000000000
0350000000000000
0375000000000000
0400000000000000
0425000000000000
0450000000000000
0475000000000000
0500000000000000
0525000000000000
0550000000000000
0575000000000000
0600000000000000
0625000000000000
0650000000000000
0675000000000000
0700000000000000
0725000000000000
0750000000000000
0775000000000000
0000000000000000
0025000000000000
0050000000000000
0075000000000000
0100000000000000
0125000000000000
0150000000000000
0175000000000000
0200000000000000
0225000000000000
0250000000000000
0275000000000000
0300000000000000
0325000000000000
0350000000000000
0375000000000000
0400000000000000
0425000000000000
0450000000000000
0475000000000000
0500000000000000
0525000000000000
0550000000000000
0575000000000000
0600000000000000
0625000000000000
0650000000000000
0675000000000000
0700000000000000
0725000000000000
0750000000000000
0775000000000000
0000000000000000
0025000000000000
0050000000000000
0075000000000000
0100000000000000
0125000000000000
0150000000000000
0175000000000000
0200000000000000
0225000000000000
0250000000000000
0275000000000000
0300000000000000
0325000000000000
0350000000000000
0375000000000000
0400000000000000
0425000000000000
0450000000000000
0475000000000000
0500000000000000
0525000000000000
0550000000000000
0575000000000000
0600000000000000
0625000000000000
0650000000000000
0675000000000000
0700000000000000
0725000000000000
0750000000000000
0775000000000000
0000000000000000
0025000000000000
0050000000000000
0075000000000000
0100000000000000
0125000000000000
0150000000000000
0175000000000000
0200000000000000
0225000000000000
0250000000000000
0275000000000000
0300000000000000
0325000000000000
0350000000000000
0375000000000000
0400000000000000
0425000000000000
0450000000000000
0475000000000000
0500000000000000
0525000000000000
0550000000000000
0575000000000000
0600000000000000
0625000000000000
0650000000000000
0675000000000000
0700000000000000
0725000000000000
0750000000000000
0775000000000000
0000000000000000
0025000000000000
0050000000000000
0075000000000000
0100000000000000
0125000000000000
0150000000000000
0175000000000000
0200000000000000
0225000000000000
0250000000000000
0275000000000000
0300000000000000
0325000000000000
0350000000000000
0375000000000000
0400000000000000
0425000000000000
0450000000000000
0475000000000000
0500000000000000
0525000000000000
0550000000000000
0575000000000000
0600000000000000
0625000000000000
0650000000000000
0675000000000000
0700000000000000
0725000000000000
0750000000000000
0775000000000000